Genèse[1,2,3,4,5,6,7,8,9,10,11,12,13,14,15,16,17,18,19,20,21,22,23,24,25,26,27,28,29,30,31,32,33,34,35,36,37,38,39,40,41,42,43,44,45,46,47,48,49,50,]
Exode[1,2,3,4,5,6,7,8,9,10,11,12,13,14,15,16,17,18,19,20,21,22,23,24,25,26,27,28,29,30,31,32,33,34,35,36,37,38,39,40,]
Lévitique[1,2,3,4,5,6,7,8,9,10,11,12,13,14,15,16,17,18,19,20,21,22,23,24,25,26,27,]
Nombres[1,2,3,4,5,6,7,8,9,10,11,12,13,14,15,16,17,18,19,20,21,22,23,24,25,26,27,28,29,30,31,32,33,34,35,36,]
Deutéronome[1,2,3,4,5,6,7,8,9,10,11,12,13,14,15,16,17,18,19,20,21,22,23,24,25,26,27,28,29,30,31,32,33,34,]
Josué[1,2,3,4,5,6,7,8,9,10,11,12,13,14,15,16,17,18,19,20,21,22,23,24,]
Juges[1,2,3,4,5,6,7,8,9,10,11,12,13,14,15,16,17,18,19,20,21,]
Ruth[1,2,3,4,]
1 Samuel[1,2,3,4,5,6,7,8,9,10,11,12,13,14,15,16,17,18,19,20,21,22,23,24,25,26,27,28,29,30,31,]
2 Samuel[1,2,3,4,5,6,7,8,9,10,11,12,13,14,15,16,17,18,19,20,21,22,23,24,]
1 Rois[1,2,3,4,5,6,7,8,9,10,11,12,13,14,15,16,17,18,19,20,21,22,]
2 Rois[1,2,3,4,5,6,7,8,9,10,11,12,13,14,15,16,17,18,19,20,21,22,23,24,25,]
1 Chroniques[1,2,3,4,5,6,7,8,9,10,11,12,13,14,15,16,17,18,19,20,21,22,23,24,25,26,27,28,29,]
2 Chroniques[1,2,3,4,5,6,7,8,9,10,11,12,13,14,15,16,17,18,19,20,21,22,23,24,25,26,27,28,29,30,31,32,33,34,35,36,]
Esdras[1,2,3,4,5,6,7,8,9,10,]
Néhémie[1,2,3,4,5,6,7,8,9,10,11,12,13,]
Esther[1,2,3,4,5,6,7,8,9,10,]
Job[1,2,3,4,5,6,7,8,9,10,11,12,13,14,15,16,17,18,19,20,21,22,23,24,25,26,27,28,29,30,31,32,33,34,35,36,37,38,39,40,41,42,]
Psaumes[1,2,3,4,5,6,7,8,9,10,11,12,13,14,15,16,17,18,19,20,21,22,23,24,25,26,27,28,29,30,31,32,33,34,35,36,37,38,39,40,41,42,43,44,45,46,47,48,49,50,51,52,53,54,55,56,57,58,59,60,61,62,63,64,65,66,67,68,69,70,71,72,73,74,75,76,77,78,79,80,81,82,83,84,85,86,87,88,89,90,91,92,93,94,95,96,97,98,99,100,101,102,103,104,105,106,107,108,109,110,111,112,113,114,115,116,117,118,119,120,121,122,123,124,125,126,127,128,129,130,131,132,133,134,135,136,137,138,139,140,141,142,143,144,145,146,147,148,149,150,]
Proverbes[1,2,3,4,5,6,7,8,9,10,11,12,13,14,15,16,17,18,19,20,21,22,23,24,25,26,27,28,29,30,31,]
Ecclésiaste[1,2,3,4,5,6,7,8,9,10,11,12,]
Cantique[1,2,3,4,5,6,7,8,]
Ésaïe[1,2,3,4,5,6,7,8,9,10,11,12,13,14,15,16,17,18,19,20,21,22,23,24,25,26,27,28,29,30,31,32,33,34,35,36,37,38,39,40,41,42,43,44,45,46,47,48,49,50,51,52,53,54,55,56,57,58,59,60,61,62,63,64,65,66,]
Jérémie[1,2,3,4,5,6,7,8,9,10,11,12,13,14,15,16,17,18,19,20,21,22,23,24,25,26,27,28,29,30,31,32,33,34,35,36,37,38,39,40,41,42,43,44,45,46,47,48,49,50,51,52,]
Lamentations[1,2,3,4,5,]
Ézéchiel[1,2,3,4,5,6,7,8,9,10,11,12,13,14,15,16,17,18,19,20,21,22,23,24,25,26,27,28,29,30,31,32,33,34,35,36,37,38,39,40,41,42,43,44,45,46,47,48,]
Daniel[1,2,3,4,5,6,7,8,9,10,11,12,]
Osée[1,2,3,4,5,6,7,8,9,10,11,12,13,14,]
Joël[1,2,3,]
Amos[1,2,3,4,5,6,7,8,9,]
Abdias[1,]
Jonas[1,2,3,4,]
Michée[1,2,3,4,5,6,7,]
Nahum[1,2,3,]
Habacuc[1,2,3,]
Sophonie[1,2,3,]
Aggée[1,2,]
Zacharie[1,2,3,4,5,6,7,8,9,10,11,12,13,14,]
Malachie[1,2,3,4,]
Matthieu[1,2,3,4,5,6,7,8,9,10,11,12,13,14,15,16,17,18,19,20,21,22,23,24,25,26,27,28,]
Marc[1,2,3,4,5,6,7,8,9,10,11,12,13,14,15,16,]
Luc[1,2,3,4,5,6,7,8,9,10,11,12,13,14,15,16,17,18,19,20,21,22,23,24,]
Jean[1,2,3,4,5,6,7,8,9,10,11,12,13,14,15,16,17,18,19,20,21,]
Actes[1,2,3,4,5,6,7,8,9,10,11,12,13,14,15,16,17,18,19,20,21,22,23,24,25,26,27,28,]
Romains[1,2,3,4,5,6,7,8,9,10,11,12,13,14,15,16,]
1 Corinthiens[1,2,3,4,5,6,7,8,9,10,11,12,13,14,15,16,]
2 Corinthiens[1,2,3,4,5,6,7,8,9,10,11,12,13,]
Galates[1,2,3,4,5,6,]
Éphésiens[1,2,3,4,5,6,]
Philippiens[1,2,3,4,]
Colossiens[1,2,3,4,]
1 Thessaloniciens[1,2,3,4,5,]
2 Thessaloniciens[1,2,3,]
1 Timothée[1,2,3,4,5,6,]
2 Timothée[1,2,3,4,]
Tite[1,2,3,]
Philémon[1,]
Hébreux[1,2,3,4,5,6,7,8,9,10,11,12,13,]
Jacques[1,2,3,4,5,]
1 Pierre[1,2,3,4,5,]
2 Pierre[1,2,3,]
1 Jean[1,2,3,4,5,]
2 Jean[1,]
3 Jean[1,]
Jude[1,]
Apocalypse[1,2,3,4,5,6,7,8,9,10,11,12,13,14,15,16,17,18,19,20,21,22,]